bank_acc_bal,avg_loan_val,spend perc SuperMkt ,perc spend Fuel,Years with bank,loan amount,val of propertY,Age,Gender,prev_Salary,last_Bonus,Income,target
17.99,10.38,0.2419,0.07871,8.589,17.33,2019.0,59.0,Female,32.1,101.0,157.0,N
20.57,17.77,0.1812,0.05667,3.398,23.41,1956.0,48.0,Male,21.6,87.0,183.0,N
19.69,21.25,0.2069,0.05999,4.585,25.53,1709.0,72.0,Female,30.5,93.0,156.0,N
11.42,20.38,0.2597,0.09744,3.445,26.5,567.7,24.0,Male,25.3,84.0,198.0,N
20.29,14.34,0.1809,0.05883,5.438,16.67,1575.0,50.0,Male,23.0,101.0,192.0,N
12.45,15.7,0.2087,0.07613,2.217,23.75,741.6,23.0,Male,22.6,89.0,139.0,N
18.25,19.98,0.1794,0.05742,3.18,27.66,1606.0,36.0,Female,22.0,90.0,160.0,N
13.71,20.83,0.2196,0.07451,3.856,28.14,897.0,66.0,Female,26.2,114.0,255.0,N
13.0,21.82,0.235,0.07389,2.406,30.73,739.3,60.0,Female,32.1,83.0,179.0,N
12.46,24.04,0.203,0.08243,2.039,40.68,711.4,29.0,Male,30.0,85.0,180.0,N
16.02,23.24,0.1528,0.05697,2.466,33.88,1150.0,22.0,Male,18.6,97.0,114.0,N
15.78,17.89,0.1842,0.06082,3.564,27.28,1299.0,56.0,Female,28.0,85.0,184.0,N
19.17,24.8,0.2397,0.078,11.07,29.94,1332.0,53.0,Male,23.7,92.0,186.0,N
15.85,23.95,0.1847,0.05338,2.903,27.66,876.5,50.0,Female,26.2,97.0,186.0,N
13.73,22.61,0.2069,0.07682,2.061,32.01,697.7,61.0,Male,24.0,91.0,202.0,N
14.54,27.54,0.2303,0.07077,2.879,37.13,943.2,34.0,Female,24.7,118.0,254.0,N
14.68,20.13,0.1586,0.05922,3.195,30.88,1138.0,47.0,Male,30.3,109.0,207.0,N
16.13,20.68,0.2164,0.07356,3.854,31.48,1315.0,68.0,Female,27.5,111.0,214.0,N
19.81,22.15,0.1582,0.05395,5.865,30.88,2398.0,38.0,Male,25.4,84.0,162.0,N
13.54,14.36,0.1885,0.05766,2.058,19.26,711.2,41.0,Male,24.7,83.0,187.0,Y
13.08,15.71,0.1967,0.06811,1.383,20.49,630.5,35.0,Male,21.1,82.0,156.0,Y
9.504,12.44,0.1815,0.06905,1.909,15.66,314.9,25.0,Female,24.3,95.0,162.0,Y
15.34,14.26,0.2521,0.07032,3.384,19.08,980.9,25.0,Male,26.0,92.0,187.0,N
21.16,23.04,0.1769,0.05278,4.303,35.59,2615.0,61.0,Female,32.0,103.67,210.0,N
16.65,21.38,0.1995,0.0633,5.455,31.56,2215.0,31.0,Male,29.7,88.0,167.0,N
17.14,16.4,0.304,0.07413,7.276,21.4,1461.0,30.0,Female,25.2,83.0,178.0,N
14.58,21.53,0.2252,0.06924,2.11,33.21,896.9,19.0,Male,19.2,87.0,124.0,N
18.61,20.25,0.1697,0.05699,5.632,27.26,1403.0,42.0,Male,31.9,83.0,158.0,N
15.3,25.27,0.1926,0.0654,3.498,36.71,1269.0,63.0,Male,24.4,73.0,160.0,N
17.57,15.05,0.1739,0.06149,4.655,19.52,1227.0,67.0,Female,25.8,113.0,158.0,N
18.63,25.11,0.2183,0.06197,5.574,34.01,1670.0,32.0,Male,30.5,89.0,182.0,N
11.84,18.7,0.2301,0.07799,3.475,28.12,888.7,42.0,Male,20.3,71.0,161.0,N
17.02,23.98,0.2248,0.06382,3.999,32.09,1344.0,58.0,Female,38.0,103.0,150.0,N
19.27,26.47,0.1853,0.06261,3.528,30.9,1813.0,57.0,Male,21.7,94.0,157.0,N
16.13,17.88,0.1998,0.06515,2.183,27.26,1261.0,53.0,Male,20.5,78.0,147.0,N
16.74,21.59,0.1896,0.05656,3.008,29.02,1229.0,62.0,Female,23.5,80.33,225.0,N
14.25,21.72,0.1885,0.06125,2.657,30.36,799.6,52.0,Male,28.5,110.0,195.0,N
13.03,18.42,0.1467,0.05863,1.17,22.81,545.9,46.0,Male,27.4,78.0,171.0,Y
14.99,25.2,0.1565,0.05504,8.077,25.2,698.8,48.0,Female,33.0,123.0,253.0,N
13.48,20.82,0.172,0.06419,1.545,26.02,740.4,48.0,Female,27.7,73.0,191.0,N
13.44,21.58,0.1784,0.05587,1.572,30.25,787.9,50.0,Female,25.6,101.0,229.0,N
10.95,21.35,0.1895,0.0687,1.822,35.34,514.0,21.0,Male,20.1,63.0,135.0,N
19.07,24.81,0.231,0.06343,8.83,33.17,1651.0,32.0,Female,25.4,90.33,153.0,N
13.28,20.28,0.1974,0.06782,2.427,28.0,907.2,54.0,Male,24.2,74.0,204.0,N
13.17,21.81,0.1746,0.06177,1.334,29.89,740.7,61.0,Female,32.7,97.0,177.0,N
18.65,17.6,0.1907,0.06049,4.293,21.32,1567.0,56.0,Female,23.1,104.0,181.0,N
8.196,16.84,0.1769,0.06503,1.094,21.96,242.2,33.0,Male,25.3,85.0,155.0,Y
13.17,18.66,0.2128,0.06777,1.897,27.95,759.4,27.0,Male,19.6,78.0,128.0,N
12.05,14.63,0.1675,0.06043,1.848,20.7,582.6,67.0,Female,22.5,98.0,191.0,Y
13.49,22.3,0.1809,0.05718,1.735,31.82,698.8,37.0,Female,27.7,93.0,180.0,Y
11.76,21.6,0.1495,0.05888,2.635,25.72,516.5,58.0,Male,25.7,99.0,157.0,Y
13.64,16.34,0.1353,0.05953,1.449,23.19,656.7,65.0,Female,27.9,103.0,159.0,Y
11.94,18.24,0.1868,0.0611,1.52,21.33,527.2,34.0,Male,25.5,93.0,218.0,Y
18.22,18.7,0.2092,0.0631,4.877,24.13,1321.0,46.0,Male,24.9,115.0,198.0,N
15.1,22.02,0.1616,0.05684,2.097,31.69,1030.0,35.0,Male,28.7,97.0,204.0,N
11.52,18.75,0.192,0.05907,2.183,22.47,506.2,37.0,Male,21.8,84.0,184.0,Y
19.21,18.57,0.1917,0.05961,4.837,28.14,2145.0,37.0,Male,30.2,87.0,166.0,N
14.71,21.59,0.2027,0.06758,2.735,30.7,985.5,41.0,Male,20.5,80.0,124.0,N
13.05,19.31,0.1819,0.05501,2.595,22.25,624.1,60.0,Male,20.4,105.0,198.0,Y
8.618,11.79,0.1683,0.07187,1.046,15.4,274.9,66.0,Female,24.0,98.0,236.0,Y
10.17,14.88,0.2743,0.0696,3.312,17.45,368.6,29.0,Male,26.0,83.0,141.0,Y
8.598,20.98,0.1828,0.06757,2.493,27.04,273.9,37.0,Female,26.8,79.0,157.0,Y
14.25,22.15,0.1949,0.07292,5.373,29.51,959.5,41.0,Female,25.7,83.0,181.0,N
9.173,13.86,0.2341,0.06963,2.608,19.23,310.1,39.0,Male,22.9,77.0,204.0,Y
12.68,23.84,0.1905,0.0659,2.927,33.47,888.3,67.0,Female,24.0,83.0,143.0,N
14.78,23.94,0.1953,0.06654,2.45,33.39,925.1,36.0,Female,24.1,112.0,193.0,N
9.465,21.01,0.1717,0.06899,1.66,31.56,330.7,46.0,Female,24.7,85.0,174.0,Y
11.31,19.04,0.1516,0.05667,1.831,23.84,466.7,60.0,Female,25.0,89.67,185.0,Y
9.029,17.33,0.2111,0.08046,1.885,22.65,324.7,59.0,Female,23.6,83.0,165.0,Y
12.78,16.49,0.159,0.05653,1.471,19.76,554.9,53.0,Male,22.1,93.0,134.0,Y
18.94,21.31,0.1582,0.05461,5.486,26.58,1866.0,48.0,Male,19.9,91.0,189.0,N
8.888,14.64,0.1902,0.0898,3.168,15.67,284.4,48.0,Male,29.5,131.0,207.0,Y
17.2,24.52,0.1927,0.06487,3.705,33.82,1681.0,66.0,Female,26.0,91.0,264.0,N
13.8,15.79,0.1662,0.06566,1.957,20.86,812.4,52.0,Female,24.5,94.0,217.0,N
12.31,16.52,0.172,0.05914,1.74,23.21,611.1,52.0,Female,26.6,111.0,209.0,Y
16.07,19.65,0.1798,0.05391,5.029,24.56,1223.0,46.0,Female,23.5,87.0,181.0,N
13.53,10.94,0.2403,0.06641,2.652,12.49,605.5,40.0,Female,29.0,115.0,97.0,Y
18.05,16.15,0.2152,0.06673,6.311,18.91,1610.0,22.0,Male,23.0,73.0,161.0,N
20.18,23.97,0.2906,0.08142,8.649,31.72,1623.0,50.0,Male,21.0,88.0,140.0,N
12.86,18.0,0.1718,0.05997,1.778,24.82,622.1,20.0,Male,22.9,87.0,191.0,Y
11.45,20.97,0.1842,0.07005,2.077,32.16,525.1,68.0,Male,27.5,107.0,241.0,Y
13.34,15.86,0.1942,0.06902,1.535,23.19,614.9,52.0,Female,24.3,86.0,197.0,Y
25.22,24.91,0.1829,0.06782,7.382,33.62,2562.0,44.0,Male,23.1,87.0,213.0,N
19.1,26.29,0.1634,0.07224,5.801,32.72,1298.0,38.0,Male,27.3,81.0,146.0,N
12.0,15.65,0.2079,0.05968,1.441,24.9,567.9,49.0,Male,22.7,65.33,168.0,Y
18.46,18.52,0.2132,0.06022,4.782,27.68,1603.0,61.0,Male,33.0,95.0,182.0,N
14.48,21.46,0.2075,0.05636,3.301,29.25,808.9,29.0,Female,19.4,83.0,152.0,N
19.02,24.59,0.1953,0.05629,3.055,30.41,1623.0,61.0,Male,25.8,98.0,235.0,N
12.36,21.8,0.193,0.06404,2.203,30.5,574.7,34.0,Female,22.6,75.0,166.0,Y
14.64,15.24,0.2116,0.06346,3.814,18.24,803.6,36.0,Male,21.9,89.0,189.0,Y
14.62,24.02,0.1685,0.05866,2.279,29.11,803.7,52.0,Male,24.0,83.0,167.0,Y
15.37,22.76,0.1717,0.06097,2.075,25.84,830.9,61.0,Male,31.2,79.0,235.0,N
13.27,14.76,0.1386,0.05318,2.701,22.35,830.6,43.0,Male,26.8,123.0,193.0,Y
13.45,18.3,0.1638,0.0571,2.099,25.94,699.4,35.0,Male,20.4,65.0,187.0,Y
15.06,19.83,0.1855,0.06284,3.706,24.23,1025.0,27.0,Male,24.8,91.0,189.0,N
20.26,23.03,0.2095,0.05649,4.554,31.59,1750.0,29.0,Male,21.0,71.0,156.0,N
12.18,17.84,0.19,0.06635,2.41,20.92,495.2,64.0,Female,27.3,109.0,186.0,Y
9.787,19.94,0.135,0.0689,2.132,26.29,366.1,41.0,Male,34.6,87.33,205.0,Y
11.6,12.84,0.162,0.06582,1.475,17.16,512.5,49.0,Female,25.9,91.0,178.0,Y
14.42,19.77,0.1879,0.0639,2.376,30.86,826.4,48.0,Male,20.4,98.0,209.0,N
13.61,24.98,0.1609,0.05871,2.861,35.27,906.5,53.0,Male,28.0,88.0,233.0,N
6.981,13.43,0.193,0.07818,1.553,19.54,185.2,53.0,Female,22.2,113.0,197.0,Y
12.18,20.52,0.1739,0.05677,1.183,32.84,547.8,23.0,Male,29.0,90.0,216.0,Y
9.876,19.4,0.1945,0.06322,1.528,26.83,361.2,65.0,Female,30.2,98.0,219.0,Y
10.49,19.29,0.2217,0.06481,2.302,23.31,402.8,41.0,Male,32.4,94.0,171.0,Y
13.11,15.56,0.1925,0.07692,2.41,22.4,827.2,55.0,Female,23.4,83.0,166.0,N
11.64,18.33,0.1801,0.0652,2.155,29.26,521.7,22.0,Male,19.3,82.0,156.0,Y
12.36,18.54,0.1602,0.06066,0.8484,27.49,544.1,56.0,Male,31.0,78.67,187.0,Y
22.27,19.67,0.2556,0.07039,10.05,28.01,2360.0,54.0,Female,30.6,103.33,144.0,N
11.34,21.26,0.1487,0.06529,1.597,29.15,518.1,59.0,Female,25.5,95.33,190.0,Y
9.777,16.99,0.1584,0.07065,2.747,21.47,367.0,60.0,Female,23.4,88.0,153.0,Y
12.63,20.76,0.1735,0.0707,2.711,25.47,527.4,54.0,Male,26.8,87.0,206.0,Y
14.26,19.65,0.1704,0.07769,3.399,23.73,709.0,25.0,Male,28.3,87.0,193.0,Y
10.51,20.19,0.1922,0.07782,2.041,22.75,374.4,54.0,Female,27.7,113.0,200.0,Y
8.726,15.83,0.1649,0.07633,1.354,19.62,284.4,55.0,Male,36.6,113.0,199.0,Y
11.93,21.53,0.1688,0.06194,2.0,26.15,583.0,40.0,Female,26.5,93.0,236.0,Y
8.95,15.76,0.1305,0.07163,3.28,17.07,270.0,62.0,Female,31.8,115.0,199.0,Y
14.87,16.67,0.2157,0.06768,2.989,27.37,1095.0,65.0,Male,24.4,120.0,222.0,N
15.78,22.91,0.2096,0.07331,3.598,30.5,1272.0,33.0,Female,25.4,102.0,206.0,N
17.95,20.01,0.2129,0.05025,3.357,27.83,1261.0,53.0,Male,22.0,94.0,175.0,N
11.41,10.82,0.1667,0.06113,1.103,15.97,510.5,35.0,Male,26.8,98.0,162.0,Y
18.66,17.12,0.1966,0.06213,4.895,24.9,1549.0,66.0,Male,28.0,101.0,195.0,N
24.25,20.2,0.2655,0.06877,9.807,23.99,2073.0,62.0,Female,33.9,101.0,221.0,N
14.5,10.89,0.1856,0.06402,1.928,15.98,745.5,50.0,Female,29.6,94.33,300.0,Y
13.37,16.39,0.1422,0.05823,1.223,22.75,632.1,47.0,Male,28.6,97.0,164.0,Y
13.85,17.21,0.1614,0.0589,1.495,23.58,725.9,47.0,Female,25.6,94.0,165.0,Y
13.61,24.69,0.1761,0.0613,1.752,35.64,848.7,24.0,Male,20.7,87.0,149.0,N
19.0,18.91,0.1946,0.05044,5.216,25.73,1538.0,58.0,Female,26.2,91.0,217.0,N
15.1,16.39,0.2001,0.06467,2.796,18.33,762.6,34.0,Male,20.6,87.0,185.0,Y
19.79,25.12,0.2202,0.06113,2.765,33.58,1589.0,51.0,Male,27.9,96.0,196.0,N
12.19,13.29,0.188,0.06471,1.973,17.81,545.2,31.0,Female,35.3,125.0,187.0,Y
15.46,19.48,0.1931,0.05796,3.094,26.0,1156.0,22.0,Male,19.9,75.0,175.0,N
16.16,21.54,0.216,0.05891,2.844,31.68,1175.0,53.0,Female,24.4,92.0,214.0,N
15.71,13.93,0.1816,0.05723,1.972,19.25,922.8,37.0,Female,21.4,83.0,128.0,Y
18.45,21.91,0.1692,0.05727,3.766,31.39,1590.0,28.0,Male,30.4,85.0,198.0,N
12.77,22.47,0.1585,0.06065,1.457,33.37,653.6,47.0,Male,31.6,84.0,154.0,N
11.71,16.67,0.1339,0.05945,3.258,25.48,546.7,23.0,Male,18.8,78.0,145.0,Y
11.43,15.39,0.1734,0.05865,1.143,22.02,462.0,50.0,Male,31.0,123.0,178.0,Y
14.95,17.57,0.1957,0.06216,8.419,21.43,971.4,58.0,Female,36.7,117.0,166.0,N
11.28,13.39,0.1771,0.06072,1.851,15.77,434.0,55.0,Male,32.1,110.0,164.0,Y
9.738,11.97,0.1903,0.06422,1.218,14.1,342.9,60.0,Female,27.7,107.0,167.0,Y
16.11,18.05,0.1861,0.06248,4.533,25.27,1233.0,41.0,Male,30.8,81.0,214.0,N
11.43,17.31,0.1645,0.06562,1.937,26.76,503.0,60.0,Female,27.5,106.0,229.0,Y
12.9,15.92,0.1778,0.06235,1.689,21.82,643.8,40.0,Male,26.9,92.0,203.0,Y
10.75,14.97,0.1399,0.05688,1.806,20.72,441.2,57.0,Female,30.7,90.0,204.0,Y
11.9,14.65,0.1995,0.07839,3.021,16.51,509.6,37.0,Male,38.3,113.0,165.0,Y
11.8,16.58,0.2678,0.07371,2.281,26.38,591.7,40.0,Female,31.9,95.0,198.0,N
14.95,18.77,0.1744,0.06493,3.271,25.47,809.7,33.0,Male,35.0,89.0,200.0,Y
14.44,15.18,0.1724,0.06081,2.12,19.85,766.9,32.0,Female,27.8,89.0,216.0,Y
13.74,17.91,0.1473,0.0558,1.573,22.46,725.9,35.0,Female,25.9,81.0,174.0,Y
13.0,20.78,0.254,0.06087,2.873,24.11,616.7,55.0,Male,32.9,102.0,164.0,Y
8.219,20.7,0.2222,0.08261,1.243,29.72,249.8,49.0,Male,26.0,93.0,183.0,Y
9.731,15.34,0.2548,0.09296,4.073,19.49,380.5,39.0,Female,26.3,115.0,218.0,Y
11.15,13.08,0.183,0.06105,1.429,16.3,440.8,60.0,Female,22.3,113.0,186.0,Y
13.15,15.34,0.1822,0.06207,1.819,20.5,677.3,67.0,Female,28.3,93.0,204.0,Y
12.25,17.94,0.197,0.06228,1.484,25.22,564.2,41.0,Female,32.0,109.0,251.0,Y
17.68,20.74,0.1971,0.06166,5.54,25.11,1302.0,44.0,Male,25.4,95.0,162.0,N
16.84,19.46,0.1844,0.05268,3.479,28.07,1032.0,48.0,Female,23.3,89.33,212.0,Y
12.06,12.74,0.159,0.05907,1.171,18.41,532.8,45.0,Male,20.3,74.33,190.0,Y
10.9,12.96,0.1442,0.05743,1.808,18.2,470.0,47.0,Male,30.4,120.0,199.0,Y
11.75,20.18,0.1993,0.06453,3.926,26.21,543.9,46.0,Male,20.6,73.0,172.0,Y
19.19,15.94,0.1741,0.05176,6.971,17.81,1495.0,36.0,Female,32.3,115.0,286.0,N
19.59,18.15,0.2027,0.06082,4.792,26.39,2232.0,34.0,Male,29.2,73.0,172.0,N
12.34,22.22,0.1551,0.06761,1.955,28.68,553.0,53.0,Female,33.1,117.0,183.0,Y
23.27,22.04,0.1801,0.05553,4.603,28.22,2403.0,61.0,Male,24.6,101.0,209.0,N
14.97,19.76,0.1515,0.05266,1.286,25.82,782.1,37.0,Male,20.2,81.0,162.0,Y
10.8,9.71,0.1381,0.064,1.126,12.02,414.0,33.0,Female,20.8,84.0,125.0,Y
16.78,18.8,0.1893,0.05534,4.129,26.3,1260.0,68.0,Male,32.8,105.67,205.0,N
17.47,24.68,0.1538,0.06365,7.337,32.33,1660.0,49.0,Female,31.9,94.0,234.0,N
14.97,16.95,0.178,0.0565,1.893,23.0,793.7,48.0,Male,23.9,109.0,232.0,Y
12.32,12.39,0.1959,0.05955,1.67,15.64,549.1,55.0,Female,24.5,84.0,179.0,Y
13.43,19.63,0.1598,0.05671,3.142,29.87,993.6,43.0,Male,22.1,66.0,134.0,N
15.46,11.89,0.1966,0.07069,2.805,17.04,1102.0,60.0,Female,33.0,97.0,217.0,N
11.08,14.71,0.1566,0.06669,1.377,16.82,396.5,31.0,Female,19.0,93.0,137.0,Y
10.66,15.15,0.1928,0.05975,2.155,19.2,408.3,53.0,Female,27.3,82.0,119.0,Y
8.671,14.45,0.1722,0.06724,1.435,17.04,259.2,67.0,Male,22.8,87.0,166.0,Y
9.904,18.06,0.1669,0.08116,3.132,24.39,390.2,61.0,Female,28.2,106.0,204.0,Y
16.46,20.11,0.1794,0.06323,2.482,28.45,981.2,62.0,Male,28.9,87.33,206.0,N
13.01,22.22,0.1395,0.05234,1.101,29.02,608.8,60.0,Male,25.6,87.0,207.0,Y
12.81,13.06,0.1466,0.06133,1.778,16.15,570.7,42.0,Male,24.9,91.0,204.0,Y
27.22,21.87,0.18,0.0577,5.82,32.85,3216.0,38.0,Female,26.8,105.0,181.0,N
21.09,26.57,0.2395,0.07398,4.414,33.48,2089.0,62.0,Male,22.4,79.0,222.0,N
15.7,20.31,0.1618,0.05549,2.406,32.82,1269.0,61.0,Female,26.9,111.0,236.0,N
11.41,14.92,0.1167,0.06217,1.902,17.7,467.2,61.0,Female,23.1,113.0,186.0,Y
15.28,22.41,0.1727,0.06317,1.344,28.03,973.1,53.0,Male,28.6,88.0,171.0,N
10.08,15.11,0.1703,0.06048,2.68,21.18,437.0,28.0,Female,24.7,97.0,175.0,Y
18.31,18.58,0.1621,0.05425,1.817,26.36,1410.0,26.0,Female,30.3,89.0,218.0,N
11.71,17.19,0.1516,0.06095,1.742,21.39,521.5,30.0,Male,21.3,87.0,134.0,Y
11.81,17.39,0.1718,0.0578,1.011,26.48,489.5,50.0,Male,26.1,109.0,243.0,Y
12.3,15.9,0.1667,0.05474,1.687,19.59,546.7,48.0,Male,20.2,95.0,187.0,Y
14.22,23.12,0.2384,0.07542,2.112,37.18,762.4,51.0,Male,25.2,103.0,176.0,N
12.77,21.41,0.1694,0.06287,5.118,23.5,579.5,47.0,Female,22.5,82.0,131.0,Y
9.72,18.22,0.1653,0.06447,2.23,20.83,303.8,64.0,Female,23.5,97.0,203.0,Y
12.34,26.86,0.1943,0.06937,2.642,39.34,768.9,51.0,Female,25.9,76.0,240.0,N
14.86,23.21,0.1737,0.06672,3.591,27.78,784.7,30.0,Male,20.9,104.0,152.0,N
12.91,16.33,0.1829,0.05667,1.493,22.0,600.6,56.0,Female,28.7,99.0,208.0,Y
13.77,22.29,0.1834,0.06877,4.906,34.01,806.9,42.0,Male,22.1,85.0,213.0,N
18.08,21.84,0.177,0.0534,4.312,24.7,1228.0,62.0,Female,26.7,115.0,183.0,N
19.18,22.49,0.1767,0.05529,3.833,32.06,1688.0,34.0,Male,31.4,87.0,149.0,N
14.45,20.22,0.195,0.06466,1.446,30.12,1044.0,60.0,Male,22.2,104.67,221.0,N
12.23,19.56,0.1979,0.06013,2.308,28.36,638.4,64.0,Male,21.0,92.33,227.0,Y
17.54,19.32,0.1506,0.05491,3.088,25.84,1239.0,39.0,Female,21.2,90.0,182.0,N
23.29,26.67,0.22,0.06229,4.667,32.68,1986.0,71.0,Female,26.5,105.0,281.0,N
13.81,23.75,0.2251,0.07421,3.909,41.85,1153.0,48.0,Female,29.2,110.0,218.0,N
12.47,18.6,0.1925,0.06373,2.497,24.64,677.9,79.0,Female,27.0,103.0,169.0,Y
15.12,16.68,0.1594,0.05986,1.974,20.24,989.5,40.0,Male,30.7,99.0,177.0,N
9.876,17.27,0.1934,0.06285,1.517,23.22,331.6,49.0,Female,28.8,92.0,207.0,Y
17.01,20.26,0.2026,0.05223,4.106,25.05,1210.0,51.0,Male,30.6,103.0,198.0,N
13.11,22.54,0.185,0.0731,1.491,29.16,639.3,57.0,Male,30.1,117.0,202.0,Y
15.27,12.91,0.1359,0.05526,1.525,15.92,932.7,59.0,Female,24.7,114.0,152.0,Y
20.58,22.14,0.1765,0.05024,7.029,27.84,1656.0,51.0,Male,27.7,99.0,229.0,N
11.84,18.94,0.1533,0.06057,1.444,24.99,546.3,74.0,Male,29.8,101.0,171.0,Y
28.11,18.47,0.1648,0.05525,21.98,18.47,2499.0,67.0,Male,26.7,105.0,225.0,N
17.42,25.56,0.1308,0.05866,3.767,28.07,1021.0,49.0,Male,19.8,88.0,188.0,N
14.19,23.81,0.2235,0.06433,3.534,34.85,811.3,57.0,Male,23.3,88.0,155.0,N
13.86,16.93,0.2106,0.06916,1.933,26.93,750.1,56.0,Female,35.1,123.0,164.0,N
11.89,18.35,0.1967,0.06314,2.087,27.1,531.2,52.0,Female,29.7,109.0,228.0,Y
10.2,17.48,0.1964,0.06315,2.747,24.47,403.7,69.0,Male,29.3,124.0,223.0,Y
19.8,21.56,0.2094,0.05581,6.487,28.64,2009.0,37.0,Male,20.3,83.0,185.0,N
19.53,32.47,0.1428,0.05313,4.722,45.41,2477.0,24.0,Male,22.5,89.0,141.0,N
13.65,13.16,0.136,0.06344,1.391,16.35,706.2,55.0,Female,22.7,93.0,154.0,Y
13.56,13.9,0.1962,0.06303,2.011,17.13,686.6,36.0,Male,22.8,87.0,178.0,Y
10.18,17.53,0.191,0.06908,1.641,22.84,375.6,42.0,Female,24.0,107.0,150.0,Y
15.75,20.25,0.1935,0.06303,2.244,30.29,1088.0,21.0,Male,24.2,76.0,147.0,N
13.27,17.02,0.1496,0.05674,2.044,23.6,708.8,41.0,Male,20.2,62.0,153.0,Y
14.34,13.47,0.2075,0.05448,3.763,16.9,873.2,57.0,Female,29.4,109.0,160.0,Y
10.44,15.46,0.1788,0.0645,1.208,19.8,395.4,20.0,Female,22.1,87.0,171.0,Y
15.0,15.51,0.1881,0.05907,2.276,19.31,808.2,67.0,Female,23.6,111.33,189.0,Y
12.62,23.97,0.1514,0.06019,1.445,31.31,624.0,34.0,Male,25.2,77.0,189.0,Y
12.83,22.33,0.2123,0.07254,2.257,30.15,706.0,41.0,Female,24.9,86.0,192.0,N
17.05,19.08,0.2131,0.06325,2.153,24.89,1189.0,38.0,Female,33.0,78.0,301.0,N
11.32,27.08,0.1869,0.05628,1.059,33.75,452.3,51.0,Male,23.5,101.0,195.0,Y
11.22,33.81,0.1845,0.05828,1.489,41.78,470.9,52.0,Female,26.4,91.33,218.0,Y
20.51,27.81,0.1448,0.05592,3.767,37.38,1872.0,67.0,Male,29.8,80.0,172.0,N
9.567,15.91,0.1551,0.06403,1.215,19.16,335.9,61.0,Male,30.0,108.0,194.0,Y
14.03,21.25,0.1517,0.05835,1.667,30.28,715.5,67.0,Female,25.0,111.67,146.0,Y
23.21,26.97,0.1909,0.06309,7.247,34.51,2944.0,56.0,Male,27.0,105.0,247.0,N
20.48,21.46,0.1467,0.05177,5.144,26.17,1750.0,64.0,Male,20.0,74.67,189.0,N
14.22,27.85,0.1342,0.06129,2.105,40.54,764.0,58.0,Female,25.5,112.0,163.0,Y
17.46,39.28,0.1809,0.05966,3.002,44.87,1408.0,55.0,Male,28.2,91.0,250.0,N
13.64,15.6,0.1717,0.0566,1.996,19.05,683.4,62.0,Female,33.3,114.0,182.0,Y
12.42,15.04,0.1546,0.05754,0.757,20.37,543.4,57.0,Female,25.6,96.0,200.0,Y
11.3,18.19,0.2054,0.07669,2.369,27.96,472.9,20.0,Female,24.2,88.0,126.0,Y
13.75,23.77,0.1773,0.05429,2.829,26.34,706.0,53.0,Female,22.1,98.0,165.0,Y
19.4,23.5,0.1978,0.06,4.037,30.53,1417.0,32.0,Female,31.4,89.0,153.0,N
10.48,19.86,0.1737,0.0644,2.517,29.46,402.8,41.0,Male,23.1,86.0,148.0,Y
13.2,17.43,0.1487,0.05635,0.873,27.82,602.0,60.0,Male,23.4,76.67,247.0,Y
12.89,14.11,0.1596,0.06409,2.393,17.7,639.1,26.0,Male,18.8,83.0,191.0,Y
10.65,25.22,0.1897,0.06329,1.497,35.19,455.7,37.0,Male,30.8,112.0,282.0,Y
11.52,14.93,0.1883,0.06168,1.686,21.19,491.8,45.0,Male,32.0,110.0,224.0,Y
20.94,23.56,0.2205,0.05898,6.372,27.0,2010.0,67.0,Male,31.6,116.0,179.0,N
11.5,18.45,0.1834,0.05934,2.684,22.46,508.9,34.0,Female,35.5,120.0,233.0,Y
19.73,19.82,0.1733,0.06697,4.115,25.59,1933.0,50.0,Male,31.9,78.33,207.0,N
17.3,17.08,0.1813,0.05613,2.193,25.09,1222.0,71.0,Male,29.5,97.0,227.0,N
19.45,19.33,0.1776,0.05647,3.797,24.57,1972.0,57.0,Female,31.6,117.0,225.0,N
13.96,17.05,0.1908,0.0613,2.563,22.07,826.0,49.0,Male,20.3,93.0,184.0,N
19.55,28.77,0.1893,0.06232,7.158,36.27,1926.0,35.0,Male,41.3,81.0,168.0,N
15.32,17.27,0.2398,0.07596,4.061,22.66,928.8,41.0,Female,21.2,102.0,184.0,N
15.66,23.2,0.2495,0.08104,10.12,31.64,1226.0,70.0,Female,24.1,82.33,194.0,N
15.53,33.56,0.2091,0.0665,1.903,49.54,1035.0,52.0,Male,23.0,107.0,179.0,N
20.31,27.06,0.1814,0.05572,2.587,39.16,1844.0,60.0,Male,25.6,78.0,195.0,N
17.35,23.06,0.1564,0.05307,2.577,31.47,1218.0,62.0,Male,22.5,125.0,215.0,N
17.29,22.13,0.2108,0.05464,6.146,27.24,1295.0,44.0,Female,38.2,123.0,201.0,N
15.61,19.38,0.1547,0.05443,1.534,31.67,988.6,28.0,Female,19.2,81.0,155.0,N
17.19,22.07,0.1867,0.0558,2.819,29.33,1436.0,58.0,Female,29.0,85.0,156.0,N
20.73,31.12,0.1769,0.05674,7.749,47.16,3432.0,39.0,Female,24.0,89.67,190.0,N
10.6,18.95,0.1922,0.06491,3.43,22.94,424.8,34.0,Female,20.6,98.0,183.0,Y
13.59,21.84,0.1635,0.05859,2.591,30.04,661.5,65.0,Male,26.3,70.0,244.0,Y
12.87,16.21,0.201,0.05769,1.546,23.64,597.5,66.0,Female,34.6,115.0,204.0,Y
10.71,20.39,0.1668,0.06862,2.23,25.21,410.4,51.0,Male,23.4,87.0,220.0,Y
14.29,16.82,0.1508,0.05376,0.8439,20.65,684.6,50.0,Female,29.2,119.0,162.0,Y
11.29,13.04,0.1769,0.0627,1.164,16.18,457.5,59.0,Female,27.2,107.0,158.0,Y
21.75,20.99,0.1721,0.06194,8.867,28.18,2384.0,52.0,Male,27.0,78.33,134.0,N
9.742,15.67,0.2081,0.06312,1.75,20.88,355.2,69.0,Female,24.5,108.0,243.0,Y
17.93,24.48,0.1538,0.0551,2.765,34.69,1320.0,53.0,Male,24.1,105.0,184.0,N
11.89,17.36,0.2015,0.05875,4.021,18.99,472.4,47.0,Female,25.3,98.0,173.0,Y
11.33,14.16,0.1954,0.05821,1.565,18.99,458.0,52.0,Male,28.8,113.0,280.0,Y
18.81,19.98,0.155,0.04996,2.363,24.3,1236.0,39.0,Male,20.9,95.0,150.0,N
13.59,17.84,0.1573,0.0552,1.683,26.1,739.1,67.0,Female,23.0,70.0,184.0,Y
13.85,15.18,0.211,0.05853,1.83,21.74,670.0,59.0,Female,24.1,96.0,170.0,Y
19.16,26.6,0.1902,0.0622,4.321,35.9,1724.0,51.0,Female,28.1,106.0,202.0,N
11.74,14.02,0.2101,0.06113,3.717,18.26,533.7,23.0,Female,18.0,78.0,171.0,Y
19.4,18.18,0.1893,0.05892,2.903,28.65,1628.0,68.0,Male,25.9,93.0,253.0,N
16.24,18.77,0.1876,0.06684,2.464,25.09,1031.0,44.0,Male,21.5,85.0,157.0,N
12.89,15.7,0.1432,0.05935,2.347,19.69,595.6,60.0,Female,24.3,103.0,141.0,Y
12.58,18.4,0.1697,0.05855,1.721,23.08,564.1,52.0,Male,24.5,90.0,198.0,Y
11.94,20.76,0.1588,0.06766,3.198,27.29,546.1,38.0,Male,21.3,72.0,165.0,Y
12.89,13.12,0.1337,0.05581,1.115,15.54,577.0,61.0,Male,25.8,90.0,280.0,Y
11.26,19.96,0.2595,0.06233,2.877,22.33,437.6,68.0,Female,24.8,101.0,221.0,Y
11.37,18.89,0.2013,0.05955,1.954,26.14,459.3,28.0,Female,31.5,83.0,228.0,Y
14.41,19.73,0.1714,0.07192,4.36,22.13,767.3,65.0,Female,33.5,102.0,190.0,Y
14.96,19.1,0.1879,0.05852,2.171,26.19,809.8,69.0,Male,28.1,113.0,234.0,Y
12.95,16.02,0.173,0.0647,1.231,19.93,585.4,51.0,Male,24.3,85.33,153.0,Y
11.85,17.46,0.1875,0.05715,1.234,25.75,517.8,29.0,Male,35.0,98.33,204.0,Y
12.72,13.78,0.1638,0.061,1.34,17.48,553.7,55.0,Female,23.5,93.0,177.0,Y
13.77,13.27,0.1592,0.05912,1.479,16.93,661.1,34.0,Female,30.0,83.0,185.0,Y
10.91,12.35,0.1449,0.06031,1.267,14.82,392.2,67.0,Male,20.7,83.0,170.0,Y
11.76,18.14,0.1619,0.06287,4.138,23.39,553.6,49.0,Male,25.6,76.0,161.0,N
14.26,18.17,0.1635,0.05586,1.661,25.26,819.7,55.0,Female,22.9,81.0,123.0,Y
10.51,23.09,0.1695,0.06556,2.289,24.22,362.7,59.0,Female,25.1,90.0,163.0,Y
19.53,18.9,0.1792,0.06552,7.237,26.24,2053.0,53.0,Male,33.2,82.67,186.0,N
12.46,19.89,0.1781,0.06249,2.579,23.07,551.3,48.0,Female,24.1,110.0,209.0,Y
20.09,23.86,0.2249,0.07469,7.804,29.43,1696.0,52.0,Male,29.5,104.33,211.0,N
10.49,18.61,0.1482,0.066,1.035,24.54,375.4,69.0,Male,29.6,122.0,231.0,Y
11.46,18.16,0.1411,0.06243,2.475,21.61,489.8,60.0,Female,22.8,110.0,245.0,Y
11.6,24.49,0.1935,0.05878,1.961,31.62,476.5,46.0,Female,22.7,83.0,183.0,Y
13.2,15.82,0.1632,0.05894,1.204,20.45,636.9,51.0,Female,26.2,101.0,161.0,Y
9.0,14.4,0.1788,0.06833,1.144,20.07,285.5,67.0,Female,23.5,96.0,207.0,Y
13.5,12.71,0.1365,0.05335,1.509,16.94,698.7,49.0,Male,22.1,85.0,136.0,Y
13.05,13.84,0.1453,0.05518,2.567,17.4,672.4,46.0,Female,26.5,94.0,247.0,Y
11.7,19.11,0.1936,0.06128,1.109,26.55,483.1,47.0,Male,32.4,105.0,188.0,Y
14.61,15.69,0.1632,0.05255,1.954,21.75,840.8,75.0,Male,30.1,78.0,222.0,Y
12.76,13.37,0.1601,0.0614,2.346,16.4,618.8,28.0,Male,24.2,93.0,174.0,Y
11.54,10.72,0.1833,0.061,1.107,12.87,467.8,65.0,Female,31.3,110.0,213.0,Y
8.597,18.6,0.2163,0.07359,2.222,22.44,240.1,42.0,Male,30.1,91.0,182.0,Y
12.49,16.85,0.1215,0.05673,1.047,19.71,544.2,51.0,Male,24.5,79.0,212.0,Y
12.18,14.08,0.1673,0.05649,1.438,16.47,513.1,53.0,Female,27.7,95.0,190.0,Y
18.22,18.87,0.1807,0.05664,2.547,25.0,1485.0,54.0,Male,23.2,110.67,238.0,N
9.042,18.9,0.233,0.08743,3.769,23.4,297.1,73.0,Male,27.0,102.0,211.0,Y
12.43,17.0,0.1472,0.05561,2.487,20.21,515.9,54.0,Male,26.8,108.0,176.0,Y
10.25,16.18,0.1743,0.07279,1.597,20.61,390.4,42.0,Male,29.2,93.0,249.0,Y
20.16,19.66,0.1928,0.05096,3.868,23.03,1657.0,75.0,Male,31.2,117.67,229.0,N
12.86,13.32,0.1543,0.06476,1.614,21.08,599.5,55.0,Female,32.1,112.67,207.0,Y
20.34,21.51,0.2569,0.0667,4.012,31.86,1938.0,68.0,Female,25.7,109.0,233.0,N
12.2,15.21,0.1638,0.06129,1.959,21.38,583.1,57.0,Male,26.9,98.0,246.0,Y
12.67,17.3,0.1707,0.05984,1.566,21.1,574.4,48.0,Male,31.4,75.33,242.0,Y
14.11,12.88,0.1373,0.057,1.558,18.0,749.9,61.0,Female,25.6,85.0,184.0,Y
12.03,17.93,0.1382,0.0607,1.466,22.25,523.4,69.0,Male,37.0,103.0,207.0,Y
16.27,20.71,0.1948,0.06277,3.27,30.38,1121.0,38.0,Male,32.6,77.0,168.0,N
16.26,21.88,0.1869,0.06532,2.961,25.21,975.2,45.0,Female,21.2,94.0,169.0,N
16.03,15.51,0.1782,0.05976,2.629,21.98,1070.0,51.0,Female,29.2,107.0,187.0,N
12.98,19.35,0.1761,0.0654,2.465,21.95,634.3,71.0,Female,24.0,84.0,138.0,Y
11.22,19.86,0.194,0.06028,1.959,25.78,436.1,57.0,Male,36.1,117.0,181.0,Y
11.25,14.78,0.1773,0.06081,1.529,22.06,492.7,56.0,Female,25.8,103.0,177.0,Y
12.3,19.02,0.1539,0.05945,1.199,28.46,544.3,32.0,Female,22.0,88.0,137.0,Y
17.06,21.0,0.1727,0.06071,6.076,33.15,1362.0,50.0,Male,21.9,91.0,190.0,N
12.99,14.23,0.1652,0.07238,0.9219,16.91,576.0,43.0,Male,34.3,84.0,256.0,Y
18.77,21.43,0.1953,0.06083,4.369,34.37,1873.0,54.0,Female,25.2,115.0,181.0,N
10.05,17.53,0.189,0.06331,1.778,26.84,384.0,31.0,Male,23.3,85.0,190.0,Y
23.51,24.27,0.1797,0.05506,6.462,30.73,2906.0,56.0,Male,25.7,80.0,244.0,N
14.42,16.54,0.1912,0.06412,2.677,21.51,862.1,44.0,Male,25.1,133.0,182.0,Y
9.606,16.84,0.2036,0.07125,1.429,23.07,353.6,57.0,Female,31.9,111.0,173.0,Y
11.06,14.96,0.1776,0.06907,1.355,19.9,440.0,64.0,Female,28.4,111.0,184.0,Y
19.68,21.68,0.2082,0.05715,5.173,34.66,1540.0,43.0,Male,28.1,121.0,192.0,N
11.71,15.45,0.2009,0.06506,2.355,18.16,516.4,19.0,Male,25.3,83.0,225.0,Y
10.26,14.71,0.1633,0.07005,2.394,19.48,357.1,71.0,Female,26.1,85.0,220.0,Y
12.06,18.9,0.1555,0.06048,1.559,27.06,562.6,50.0,Female,28.0,104.0,282.0,Y
14.76,14.74,0.1521,0.05912,2.537,17.93,880.8,59.0,Female,23.6,73.0,180.0,Y
11.47,16.03,0.1634,0.06372,1.09,20.79,475.8,57.0,Male,24.5,93.0,186.0,Y
11.95,14.96,0.2459,0.06581,2.455,17.72,496.2,49.0,Female,21.0,82.0,119.0,Y
11.66,17.07,0.1671,0.05731,2.225,19.74,542.5,41.0,Female,32.0,126.0,198.0,Y
15.75,19.22,0.2375,0.07603,3.477,24.17,915.3,25.0,Female,22.6,85.0,130.0,N
25.73,17.46,0.1956,0.06121,7.222,23.58,3234.0,52.0,Female,19.7,81.0,152.0,N
15.08,25.74,0.1647,0.06464,4.174,33.22,1050.0,34.0,Male,21.2,84.0,254.0,N
11.14,14.07,0.169,0.06083,3.33,15.82,453.5,42.0,Female,30.6,101.0,269.0,Y
12.56,19.07,0.1533,0.06184,3.212,22.43,547.4,28.0,Female,25.5,99.0,162.0,Y
13.05,18.59,0.2035,0.06501,2.59,24.85,591.2,47.0,Female,23.3,90.0,195.0,Y
13.87,16.21,0.1424,0.05883,1.737,25.58,694.4,32.0,Female,31.0,100.0,177.0,Y
8.878,15.49,0.193,0.06621,4.277,17.7,302.0,43.0,Male,18.5,87.0,163.0,Y
9.436,18.32,0.1506,0.06959,3.267,25.02,439.6,59.0,Female,26.9,104.0,194.0,Y
12.54,18.07,0.1528,0.05185,2.329,20.98,585.7,53.0,Male,28.3,101.0,179.0,Y
13.3,21.57,0.1815,0.05696,2.028,29.2,621.2,60.0,Male,25.7,103.0,158.0,Y
12.76,18.84,0.1759,0.06183,1.535,25.99,579.7,54.0,Female,36.1,115.0,163.0,Y
16.5,18.29,0.1495,0.05593,2.344,25.45,1009.0,35.0,Female,24.1,94.67,155.0,Y
13.4,16.95,0.165,0.05701,1.036,21.7,663.5,49.0,Female,25.8,89.0,182.0,Y
20.44,21.78,0.1618,0.05557,4.218,26.37,1780.0,58.0,Male,22.8,91.0,196.0,N
20.2,26.83,0.1875,0.0602,7.128,33.81,1671.0,36.0,Female,39.1,90.0,219.0,N
12.21,18.02,0.1695,0.05916,1.874,24.04,624.6,46.0,Female,42.2,99.0,211.0,Y
21.71,17.25,0.1717,0.05054,7.733,26.44,3143.0,44.0,Female,26.6,99.0,205.0,N
22.01,21.9,0.1824,0.0614,7.561,25.8,2227.0,46.0,Male,29.9,83.0,171.0,N
16.35,23.29,0.2175,0.06218,2.972,31.03,1165.0,54.0,Male,21.0,78.0,188.0,N
15.19,13.21,0.1721,0.05544,1.338,15.73,819.1,63.0,Female,25.5,109.0,226.0,Y
21.37,15.1,0.1973,0.06183,2.407,21.84,1535.0,41.0,Female,24.2,90.0,199.0,N
20.64,17.35,0.1571,0.05478,4.119,23.17,1946.0,28.0,Male,25.4,93.0,141.0,N
13.69,16.07,0.1872,0.05669,1.372,20.21,670.6,19.0,Male,23.2,75.0,143.0,Y
16.17,16.07,0.199,0.06572,1.349,19.14,861.5,61.0,Female,26.1,126.0,215.0,Y
10.57,20.22,0.2188,0.0845,2.363,22.82,351.9,48.0,Male,32.7,93.0,276.0,Y
13.46,28.21,0.1421,0.05763,1.4,35.63,680.6,54.0,Female,27.3,100.0,200.0,Y
13.66,15.15,0.1792,0.05897,1.101,19.64,657.0,53.0,Female,26.6,93.0,185.0,Y
11.08,18.83,0.2196,0.0795,1.719,32.82,508.1,48.0,Male,22.8,101.0,110.0,N
11.27,12.96,0.2018,0.06914,1.809,20.53,476.1,53.0,Male,28.8,111.67,145.0,Y
11.04,14.93,0.2003,0.06246,1.281,20.83,447.1,29.0,Female,18.1,73.0,158.0,Y
12.05,22.72,0.1203,0.06659,1.778,28.71,488.4,62.0,Male,32.0,88.0,172.0,Y
12.39,17.48,0.1779,0.06588,2.117,23.13,600.5,50.0,Female,23.7,92.0,166.0,Y
13.28,13.72,0.1617,0.05594,1.592,17.37,623.7,58.0,Female,23.6,96.0,257.0,Y
14.6,23.29,0.1627,0.05416,2.914,31.71,758.2,55.0,Female,24.6,109.0,143.0,N
12.21,14.09,0.1646,0.06154,2.097,19.29,529.9,54.0,Male,22.6,90.0,183.0,Y
13.88,16.16,0.1607,0.05474,1.709,19.97,745.3,36.0,Male,27.8,73.0,153.0,Y
11.27,15.5,0.181,0.07252,2.569,18.93,450.0,63.0,Female,24.1,111.0,184.0,Y
19.55,23.21,0.1989,0.05884,5.383,30.44,1313.0,47.0,Female,26.5,70.0,181.0,N
10.26,12.22,0.18,0.06569,1.348,15.65,394.5,51.0,Female,32.8,112.0,202.0,Y
8.734,16.84,0.1985,0.07098,3.167,22.8,317.0,42.0,Male,19.9,76.0,146.0,Y
15.49,19.97,0.1929,0.06744,4.675,29.41,1359.0,37.0,Female,23.6,94.0,205.0,N
21.61,22.28,0.2162,0.06606,4.158,28.74,2081.0,28.0,Male,22.1,82.0,168.0,N
12.1,17.72,0.1937,0.06161,1.869,25.8,559.5,58.0,Male,28.1,111.0,198.0,Y
14.06,17.18,0.1641,0.05764,1.237,25.34,684.5,32.0,Male,26.5,86.0,184.0,Y
13.51,18.89,0.1806,0.06079,1.513,27.2,675.2,25.0,Female,23.5,88.0,143.0,Y
12.8,17.46,0.1574,0.0575,2.668,21.06,591.0,63.0,Male,26.0,85.67,155.0,Y
11.06,14.83,0.1535,0.06214,1.263,20.35,496.7,52.0,Male,27.8,85.0,219.0,Y
11.8,17.26,0.1847,0.06019,2.225,24.49,562.0,65.0,Female,28.5,109.0,201.0,Y
17.91,21.02,0.2113,0.07115,3.123,27.78,1304.0,42.0,Male,30.6,121.0,176.0,N
11.93,10.91,0.1601,0.05541,1.649,20.14,589.5,53.0,Male,22.2,78.0,164.0,Y
12.96,18.29,0.1874,0.05899,2.397,24.61,621.9,79.0,Female,23.3,88.0,186.0,Y
12.94,16.17,0.1735,0.062,0.9975,23.02,580.9,43.0,Male,35.4,93.0,185.0,Y
12.34,14.95,0.1571,0.05708,2.602,16.85,533.1,44.0,Male,31.4,115.0,165.0,Y
10.94,18.59,0.1486,0.06615,3.018,25.58,472.4,62.0,Female,37.8,119.0,113.0,Y
16.14,14.86,0.1735,0.05875,1.729,19.58,947.9,33.0,Male,18.9,70.0,162.0,Y
12.85,21.37,0.158,0.06114,2.552,27.01,645.8,56.0,Male,35.0,79.33,195.0,Y
17.99,20.66,0.1992,0.06069,3.061,25.41,1349.0,66.0,Male,21.7,126.0,212.0,N
12.27,17.92,0.1966,0.05597,2.079,28.88,610.2,34.0,Female,25.3,111.0,230.0,Y
11.36,17.57,0.1601,0.05913,1.359,36.32,521.3,46.0,Female,23.8,97.0,224.0,Y
11.04,16.83,0.1714,0.0634,1.342,26.44,471.4,50.0,Male,31.8,82.0,136.0,Y
9.397,21.68,0.1274,0.06724,1.174,27.99,301.0,69.0,Male,34.3,113.0,200.0,Y
14.99,22.11,0.1944,0.05913,2.31,31.55,867.1,34.0,Male,26.3,87.0,197.0,Y
15.13,29.81,0.1852,0.05294,3.043,36.91,931.4,71.0,Female,27.0,93.33,269.0,N
11.89,21.17,0.2019,0.0629,1.93,27.21,522.9,47.0,Male,27.2,80.0,208.0,Y
9.405,21.7,0.2025,0.06601,2.759,31.24,359.4,41.0,Male,33.8,123.33,187.0,Y
15.5,21.08,0.2085,0.06864,9.424,27.65,1748.0,34.0,Male,33.0,73.0,178.0,N
12.7,12.17,0.1583,0.06275,1.527,16.92,566.9,51.0,Male,24.1,87.0,261.0,Y
11.16,21.41,0.1615,0.06144,1.968,28.92,458.0,43.0,Male,21.3,79.0,141.0,Y
11.57,19.04,0.2031,0.06267,2.206,26.98,520.5,55.0,Male,23.0,94.67,190.0,Y
14.69,13.98,0.2086,0.07406,4.795,18.34,809.2,59.0,Female,27.9,101.0,218.0,Y
11.61,16.02,0.1886,0.0632,1.667,19.67,475.7,27.0,Female,33.6,110.0,246.0,Y
13.66,19.13,0.1848,0.06181,1.804,25.5,708.8,51.0,Female,22.7,103.0,217.0,Y
9.742,19.12,0.2538,0.07029,4.607,23.17,380.9,49.0,Female,27.4,89.0,177.0,Y
10.03,21.28,0.163,0.06439,1.184,28.94,376.3,27.0,Male,22.6,71.0,116.0,Y
10.48,14.98,0.1925,0.06915,2.564,21.57,440.4,57.0,Female,23.2,107.33,231.0,Y
10.8,21.98,0.2016,0.05977,2.24,32.04,489.5,39.0,Female,26.9,93.0,136.0,Y
11.13,16.62,0.1511,0.06148,0.968,20.29,421.1,62.0,Female,34.6,120.0,215.0,Y
12.72,17.67,0.1459,0.05544,2.109,20.96,586.8,37.0,Male,23.3,88.0,223.0,Y
14.9,22.53,0.2041,0.06898,3.466,27.57,832.7,46.0,Male,21.1,80.0,205.0,N
12.4,17.68,0.1811,0.07102,2.204,22.91,515.8,68.0,Female,23.5,101.0,162.0,Y
20.18,19.54,0.1724,0.06053,3.008,25.07,1479.0,51.0,Male,31.5,93.0,231.0,N
18.82,21.97,0.1943,0.06132,4.493,30.93,1603.0,41.0,Male,20.8,86.0,223.0,N
14.86,16.94,0.1573,0.05703,1.612,20.54,777.5,53.0,Male,26.5,97.0,193.0,Y
13.98,19.62,0.1669,0.06544,1.602,30.8,869.3,45.0,Male,24.2,83.0,177.0,N
12.87,19.54,0.1861,0.06347,2.597,24.38,626.9,33.0,Male,19.5,80.0,171.0,Y
14.04,15.98,0.1714,0.05898,2.644,21.58,750.0,60.0,Female,28.2,112.0,185.0,Y
13.85,19.6,0.1555,0.05673,2.331,28.01,749.1,47.0,Female,24.9,75.0,225.0,Y
14.02,15.66,0.1589,0.05586,1.606,19.31,688.9,60.0,Female,24.9,99.67,162.0,Y
10.97,17.2,0.1489,0.0664,2.806,26.87,476.4,36.0,Male,30.0,95.0,201.0,Y
17.27,25.42,0.1467,0.05407,3.283,35.46,1284.0,36.0,Male,19.6,71.0,250.0,N
13.78,15.79,0.1405,0.05848,2.235,17.5,706.6,,nan,,,,Y
10.57,18.32,0.2372,0.05768,1.277,23.31,366.3,,nan,,,,Y
18.03,16.85,0.172,0.0578,1.921,22.02,1292.0,,nan,,,,N
11.99,24.89,0.182,0.0685,1.865,30.36,513.9,,nan,,,,Y
17.75,28.03,0.1713,0.05916,2.873,38.54,1437.0,,nan,,,,N
14.8,17.66,0.1893,0.05886,1.482,22.74,829.5,,nan,,,,Y
14.53,19.34,0.1473,0.05746,1.994,28.39,830.5,,nan,,,,Y
21.1,20.52,0.1554,0.05661,4.542,32.07,2022.0,,nan,,,,N
11.87,21.54,0.1349,0.06612,1.955,28.18,507.2,,nan,,,,Y
19.59,25.0,0.1663,0.05391,2.916,30.96,1421.0,,nan,,,,N
12.0,28.23,0.1615,0.06104,1.516,37.88,523.7,,nan,,,,Y
14.53,13.98,0.165,0.06121,2.143,16.93,749.9,,nan,,,,Y
12.62,17.15,0.1799,0.05826,1.116,22.15,633.5,,nan,,,,Y
13.38,30.72,0.1375,0.06016,2.287,41.61,705.6,,nan,,,,Y
11.63,29.29,0.1799,0.06166,2.15,38.81,527.8,,nan,,,,Y
13.21,25.25,0.1619,0.05584,1.314,34.23,632.9,,nan,,,,Y
13.0,25.13,0.1667,0.05449,1.657,31.88,628.5,,nan,,,,Y
9.755,28.2,0.1621,0.05952,1.243,36.92,349.9,,nan,,,,Y
17.08,27.15,0.1793,0.06281,6.051,34.49,1648.0,,nan,,,,N
27.42,26.27,0.2061,0.05623,18.65,31.37,4254.0,,nan,,,,N
14.4,26.99,0.1707,0.05433,1.727,31.98,734.6,,nan,,,,Y
11.6,18.36,0.1516,0.05859,1.303,24.02,495.1,,nan,,,,Y
13.17,18.22,0.1454,0.05549,1.236,23.89,687.6,,nan,,,,Y
13.24,20.13,0.1601,0.06432,3.369,25.5,733.5,,nan,,,,Y
13.14,20.74,0.1562,0.0602,2.312,25.46,689.1,,nan,,,,Y
9.668,18.1,0.168,0.06412,2.275,24.62,380.2,,nan,,,,Y
17.6,23.33,0.1696,0.07369,5.801,28.87,1437.0,,nan,,,,N
11.62,18.18,0.1957,0.07255,3.027,25.4,528.1,,nan,,,,Y
9.667,18.49,0.2238,0.06413,2.569,25.62,385.2,,nan,,,,Y
12.04,28.14,0.1854,0.05698,4.099,33.33,567.6,,nan,,,,Y
14.92,14.93,0.1687,0.05669,1.826,18.22,906.6,,nan,,,,Y
12.27,29.97,0.1701,0.0596,2.884,38.05,558.9,,nan,,,,Y
10.88,15.62,0.1861,0.06837,1.301,19.35,433.1,,nan,,,,Y
12.83,15.73,0.1705,0.05913,1.195,19.35,605.8,,nan,,,,Y
14.2,20.53,0.1506,0.06009,2.749,27.26,828.5,,nan,,,,Y
13.9,16.62,0.1813,0.05536,1.392,21.8,718.9,,nan,,,,Y
11.49,14.59,0.1779,0.06574,1.567,21.9,467.6,,nan,,,,Y
16.25,19.51,0.2151,0.06578,3.07,23.05,939.7,,nan,,,,N
12.16,18.03,0.1464,0.06284,1.678,27.87,547.4,,nan,,,,Y
13.9,19.24,0.1579,0.05594,2.056,26.42,830.5,,nan,,,,Y
13.47,14.06,0.1779,0.06639,1.102,18.32,660.2,,nan,,,,Y
13.7,17.64,0.1732,0.06088,1.564,23.53,686.5,,nan,,,,Y
15.73,11.28,0.1784,0.06259,1.143,14.2,854.3,,nan,,,,Y
12.45,16.41,0.2082,0.07325,5.004,21.03,580.6,,nan,,,,Y
14.64,16.85,0.1409,0.05355,1.471,25.44,831.0,,nan,,,,Y
19.44,18.82,0.1823,0.06115,3.631,30.39,1740.0,,nan,,,,N
11.68,16.17,0.1853,0.06401,2.554,21.59,549.8,,nan,,,,Y
16.69,20.2,0.1846,0.05325,1.775,26.56,1084.0,,nan,,,,N
12.25,22.44,0.1544,0.05976,1.577,31.99,622.9,,nan,,,,Y
17.85,13.23,0.122,0.05243,3.163,18.42,1210.0,,nan,,,,Y
18.01,20.56,0.2116,0.06077,5.353,26.06,1426.0,,nan,,,,N
12.46,12.83,0.1613,0.06013,2.108,16.36,534.0,,nan,,,,Y
13.16,20.54,0.1713,0.05888,2.326,28.46,648.3,,nan,,,,Y
14.87,20.21,0.1487,0.05748,1.596,28.48,783.6,,nan,,,,Y
12.65,18.17,0.1641,0.06854,1.696,22.15,633.7,,nan,,,,Y
12.47,17.31,0.1526,0.06046,1.253,24.34,607.3,,nan,,,,Y
18.49,17.52,0.1832,0.06697,4.851,22.88,1600.0,,nan,,,,N
20.59,21.24,0.1848,0.06222,4.206,30.76,1760.0,,nan,,,,N
15.04,16.74,0.1668,0.06869,2.304,20.43,856.9,,nan,,,,Y
13.82,24.49,0.2275,0.07237,2.974,32.94,788.0,,nan,,,,N
12.54,16.32,0.1943,0.06612,1.566,21.4,552.0,,nan,,,,Y
23.09,19.83,0.1505,0.05484,9.635,23.87,2782.0,,nan,,,,N
9.268,12.87,0.2378,0.09502,3.014,16.38,300.2,,nan,,,,Y
9.676,13.14,0.2057,0.09575,1.787,18.04,328.1,,nan,,,,Y
12.22,20.04,0.2124,0.06894,0.9857,24.17,515.3,,nan,,,,Y
11.06,17.12,0.1954,0.07976,1.318,20.74,411.1,,nan,,,,Y
16.3,15.7,0.1711,0.05657,1.146,17.76,928.2,,nan,,,,Y
15.46,23.95,0.1807,0.07083,2.937,36.33,909.4,,nan,,,,N
11.74,14.69,0.1499,0.06758,1.345,17.6,473.8,,nan,,,,Y
14.81,14.7,0.1659,0.05348,1.677,17.58,760.2,,nan,,,,Y
13.4,20.52,0.2116,0.07325,3.093,29.66,844.4,,nan,,,,N
14.58,13.66,0.1739,0.0564,2.561,17.24,862.0,,nan,,,,Y
15.05,19.07,0.1561,0.05915,2.63,28.06,967.0,,nan,,,,N
11.34,18.61,0.1927,0.06211,1.491,23.03,478.6,,nan,,,,Y
18.31,20.58,0.186,0.05941,3.218,26.2,1493.0,,nan,,,,N
19.89,20.26,0.1802,0.06188,3.654,25.23,1646.0,,nan,,,,N
12.88,18.22,0.1709,0.07253,3.176,24.37,674.7,,nan,,,,Y
12.75,16.7,0.212,0.06623,2.495,21.74,624.1,,nan,,,,Y
9.295,13.9,0.2197,0.07696,2.388,17.84,326.6,,nan,,,,Y
24.63,21.6,0.1991,0.06739,7.05,26.93,2642.0,,nan,,,,N
11.26,19.83,0.1637,0.06343,0.9812,26.43,435.9,,nan,,,,Y
13.71,18.68,0.1714,0.06843,2.284,25.63,701.9,,nan,,,,Y
9.847,15.68,0.1387,0.06891,1.976,22.99,376.5,,nan,,,,Y
8.571,13.1,0.1678,0.07126,1.069,18.45,275.6,,nan,,,,Y
13.46,18.75,0.1723,0.06317,1.443,25.16,719.8,,nan,,,,Y
12.34,12.27,0.1689,0.05808,0.7714,19.27,564.9,,nan,,,,Y
13.94,13.17,0.1976,0.06457,4.091,15.38,653.3,,nan,,,,Y
12.07,13.44,0.1657,0.06608,1.714,15.77,549.9,,nan,,,,Y
11.75,17.56,0.1598,0.06677,3.149,27.98,552.3,,nan,,,,Y
11.67,20.02,0.1859,0.06461,1.393,28.81,550.6,,nan,,,,Y
13.68,16.33,0.1631,0.06155,1.373,20.2,773.4,,nan,,,,Y
20.47,20.67,0.2166,0.05419,5.168,27.15,1645.0,,nan,,,,N
10.96,17.62,0.1619,0.06408,1.165,26.51,407.5,,nan,,,,Y
20.55,20.86,0.2127,0.06251,4.706,25.48,1809.0,,nan,,,,N
14.27,22.55,0.1926,0.05982,1.895,34.27,728.3,,nan,,,,N
11.69,24.44,0.2131,0.07405,2.158,32.19,487.7,,nan,,,,Y
7.729,25.49,0.187,0.07285,2.492,30.92,248.0,,nan,,,,Y
7.691,25.44,0.2037,0.07751,1.445,31.89,223.6,,nan,,,,Y
11.54,14.44,0.1818,0.06782,1.628,19.68,457.8,,nan,,,,Y
14.47,24.99,0.1872,0.06341,2.615,31.73,808.9,,nan,,,,Y
14.74,25.42,0.184,0.0568,2.177,32.29,826.4,,nan,,,,Y
13.21,28.06,0.1628,0.05781,1.539,37.17,629.6,,nan,,,,Y
13.87,20.7,0.162,0.06688,2.076,24.75,688.6,,nan,,,,Y
13.62,23.23,0.1664,0.05801,2.066,29.09,729.8,,nan,,,,Y
10.32,16.35,0.1885,0.06201,1.356,21.77,384.9,,nan,,,,Y
10.26,16.58,0.1669,0.06714,0.9887,22.04,357.4,,nan,,,,Y
9.683,19.34,0.158,0.06235,2.054,25.59,364.2,,nan,,,,Y
10.82,24.21,0.1976,0.06328,3.564,31.45,505.6,,nan,,,,Y
10.86,21.48,0.1661,0.05948,2.115,24.77,412.3,,nan,,,,Y
11.13,22.44,0.203,0.06552,1.994,28.26,436.6,,nan,,,,Y
12.77,29.43,0.1539,0.05637,1.477,36.0,594.7,,nan,,,,Y
9.333,21.94,0.1692,0.06576,2.121,25.05,295.8,,nan,,,,Y
12.88,28.92,0.1566,0.05708,1.502,35.74,595.7,,nan,,,,Y
10.29,27.61,0.1593,0.06127,1.437,34.91,357.6,,nan,,,,Y
10.16,19.59,0.1791,0.06331,1.648,22.88,347.3,,nan,,,,Y
9.423,27.88,0.1742,0.06059,3.618,34.24,330.6,,nan,,,,Y
14.59,22.68,0.1454,0.06147,2.224,27.27,733.5,,nan,,,,Y
11.51,23.93,0.1388,0.0657,1.936,37.16,474.2,,nan,,,,Y
14.05,27.15,0.1537,0.06171,2.888,33.17,706.7,,nan,,,,Y
11.2,29.37,0.106,0.05502,2.041,38.3,439.6,,nan,,,,Y
15.22,30.62,0.2128,0.07152,2.362,42.79,915.0,,nan,,,,N
20.92,25.09,0.2149,0.06879,8.758,29.41,1819.0,,nan,,,,N
21.56,22.39,0.1726,0.05623,7.673,26.4,2027.0,,nan,,,,N
20.13,28.25,0.1752,0.05533,5.203,38.25,1731.0,,nan,,,,N
16.6,28.08,0.159,0.05648,3.425,34.12,1124.0,,nan,,,,N
20.6,29.33,0.2397,0.07016,5.772,39.42,1821.0,,nan,,,,N
7.76,24.54,0.1587,0.05884,2.548,30.37,268.6,,nan,,,,Y
